.Random.seed <-
c(403L, 11L, 517960911L, -583148411L, -1079027908L, -1257617902L, 
1139852557L, -638276025L, 1393112110L, -1512490616L, -253329269L, 
-2009146775L, 828892728L, -1773871386L, 517569153L, 434923027L, 
1269215682L, 445348468L, -753525641L, -949000851L, 732232196L, 
522819882L, 1169518229L, -976304849L, 805306422L, -1453525920L, 
-1903920477L, 1428737473L, 1962355120L, 1568635086L, 929236537L, 
-2037147573L, -1035499014L, -1271118596L, 1105914175L, -395155947L, 
473396524L, -650070526L, 1533693149L, 871282647L, -695106882L, 
1655297272L, -1869763877L, 1978331449L, -708381560L, 908555318L, 
18829425L, 745177763L, -249014286L, -1600947388L, 804443143L, 
-1609879075L, -271618348L, -734948870L, -1658815163L, -1451669089L, 
1710766886L, -385670224L, -1960464301L, 1326459761L, 706009760L, 
-1176539586L, 696862025L, 26491899L, 1432960970L, 1937117484L, 
1932332335L, 335508453L, 1133849244L, 209170162L, -906502291L, 
-1512376153L, -1693558066L, -702986200L, -423799765L, -1018685879L, 
-1200808104L, 2032572934L, -1770306591L, 1635197299L, 176394722L, 
1150117204L, 1508547671L, 518135885L, -2098387996L, 1649967562L, 
-1905981387L, 1045628559L, 1935521686L, 903207744L, 240834051L, 
-1411994591L, 203751184L, 2045285614L, 1057324185L, 1063770411L, 
-191819750L, -167818532L, 531487455L, -1247861579L, -336702900L, 
-987373918L, -909580803L, 1798803191L, -1053693922L, 914311896L, 
-805126597L, -1333629991L, 1720662376L, 28627094L, 56634897L, 
-1910847549L, -1416643630L, -168491420L, 1258493351L, -35353859L, 
-412594444L, 820570586L, -365744859L, 477232191L, -1057182778L, 
995231824L, 947151987L, -1927608175L, 1456429248L, -787361122L, 
403410537L, -1327718757L, -1398508630L, -1428809780L, -1785107825L, 
1680802501L, 1790306940L, 601384658L, -1297804723L, -478183673L, 
271672046L, -780134456L, 594188491L, -749557463L, -1272016520L, 
1531483814L, -1745182527L, 895215955L, -1306585598L, 1800826676L, 
-617956169L, 629034157L, -714442300L, 987060714L, 763946581L, 
232978415L, 1453819894L, 1593377056L, 1358819043L, -820045951L, 
-1918742032L, -1194176370L, -1417766919L, 228224395L, 740153786L, 
450631868L, -127157249L, 1598695765L, -1386220948L, 1898321602L, 
2146001181L, -757885033L, 1300353790L, 1136961720L, 1342223003L, 
-77643527L, 569401928L, 46558582L, -1515512655L, 1713164515L, 
-434114638L, -2131365884L, -330734777L, 709343773L, 980881556L, 
723656762L, 347898501L, 295076703L, 1686649830L, 518665840L, 
-1722009197L, 1378876977L, -157076256L, -711662210L, 321288201L, 
1975973947L, -2015672822L, 231077356L, -115525009L, 1263170981L, 
-1874893476L, 814561586L, -455030739L, 194954983L, -2047398898L, 
900576744L, -2081406997L, 948322441L, 150164504L, -563190970L, 
-780934751L, -383782861L, -755761758L, -1154660204L, 1162231575L, 
1302182157L, -1201958876L, 1489661962L, -1888168587L, -1204464433L, 
514086870L, 1001101184L, -385889341L, 1775525217L, 1489617872L, 
578515758L, 1816628953L, -631948053L, 1804746074L, 783699740L, 
813132319L, 697105013L, 191592204L, -907882520L, -1020040966L, 
600316752L, -1304445140L, -404305548L, -1540576366L, -1910704032L, 
-497508980L, 1439087456L, -1903986206L, -1025879128L, -3337012L, 
-1961570308L, 425534898L, -2136123920L, 912518084L, 491533656L, 
-7759494L, -177192016L, 506468796L, -248231852L, -869955646L, 
-1883303904L, -1650227012L, 1900470864L, 1764762594L, -1076961176L, 
1354085452L, -1977489156L, -1292063758L, 1294657792L, -553430668L, 
-205095928L, -1347039302L, -854588976L, -1508250644L, -1608404588L, 
1535308242L, 735994208L, 503308108L, 733387040L, 1911009154L, 
1206984424L, 1647415532L, -52841412L, 1685924722L, 1883471472L, 
-814058460L, -197965000L, -2107568998L, 1202811600L, -610631492L, 
1225502356L, -1659517310L, -241133376L, -464391364L, 1650007184L, 
26500642L, -1136246776L, -267584244L, -1063674724L, 1752702482L, 
-1181630592L, 655748628L, -1922790872L, 622282042L, -1560159792L, 
424916076L, 220084532L, -1870174574L, 422808416L, -147193012L, 
550410208L, -1366317150L, 532203432L, 81841548L, 782493884L, 
569969010L, -2108410640L, 1023410244L, -1450602152L, 2136553018L, 
42572656L, 1113684028L, 1836654356L, 1229190594L, -2106606880L, 
92350332L, -699699504L, -984205150L, -869737432L, 1643914508L, 
-512677956L, 2107173170L, 1719298496L, -362968524L, -592630840L, 
-1339852614L, 1987549584L, -1008209428L, 1710522964L, 177176722L, 
1069219616L, 229255628L, 737564128L, -549783870L, -1939037144L, 
1945170604L, -1024539460L, -1631946254L, 1243005232L, -1951099740L, 
-742529352L, -1715401382L, 1610147216L, 1260049276L, 1000536340L, 
1301648194L, 82295552L, 480507836L, -406306992L, -1212005598L, 
-1152688824L, -30672372L, -282011556L, -1175925550L, 753949184L, 
-156152492L, 1415879144L, 1354701818L, -229232432L, 193461548L, 
1624535796L, -738661998L, -1661471648L, -2049424116L, -472902944L, 
-1996584606L, 736266920L, 1215615564L, 895418748L, 293635378L, 
1065357424L, 1126692676L, 34000344L, 428596346L, 1437871664L, 
2066385596L, -563228844L, 118617154L, -791048800L, 1793907388L, 
-1531536944L, -1220178590L, 31748072L, -482498612L, 2005892860L, 
1099817458L, -1738291072L, 1254216948L, 384251528L, 920995642L, 
215044944L, 1427011180L, -955412332L, -1207197358L, -734413088L, 
1717351116L, -1483665248L, -768509054L, -1187171608L, 446485228L, 
1621355580L, 1238819442L, 1125876848L, -1736669660L, 1651696696L, 
254838810L, -478426416L, 212657212L, -1124502380L, 1071524994L, 
-863991872L, 1413921084L, 513086096L, 67075106L, 856531976L, 
-713623412L, -2069394404L, 351413906L, 1000215680L, 1006100500L, 
1730454824L, 2049715770L, 1409983696L, 1254442092L, 1780503220L, 
1412114450L, 205019104L, 355274700L, 1347710432L, 239906338L, 
-1934546648L, -786042612L, 1614853692L, -1058610958L, 1492548336L, 
-539466940L, -1424807336L, 829149754L, 1588561648L, 788626620L, 
1602752020L, -171695934L, -1494781856L, 1812565372L, 853351632L, 
1909677090L, -668067160L, 885518220L, -1865377348L, -28478414L, 
-1721444544L, 782661812L, -1106787512L, 395057850L, -1064415472L, 
-1995883034L, 1886540563L, 132424821L, 395968082L, -1944520544L, 
701346185L, -913129029L, 1157586444L, 243009434L, 983027471L, 
-1825680039L, 762408942L, -1858832772L, -814375187L, -2012059241L, 
-588201376L, 246192190L, 664674571L, -1266084979L, -892473158L, 
-1915341064L, 1431772321L, -831190957L, 237851508L, 493719810L, 
-1228926569L, -914150559L, -1290203226L, -553264732L, 505471061L, 
719328511L, 1819916696L, -671563082L, 34675523L, -1638357371L, 
907217698L, -992137200L, -1329517639L, 777682027L, -1179074724L, 
484615818L, -1112309121L, 1807092681L, -1658406818L, -2036225268L, 
-1216089379L, 73325543L, 886013968L, -959910610L, 442540507L, 
803026621L, 1611359274L, 1532105928L, 2125566449L, -632987805L, 
1688102756L, 1199816338L, -724354201L, -1020844751L, 828292726L, 
-1841061996L, -1665959003L, -729740113L, -1665498776L, -1425512122L, 
-1942798093L, -1391165867L, -2012814798L, 326733824L, 1279390953L, 
424350555L, 917853612L, 1359646138L, 507427695L, 1556544761L, 
-310255218L, 281326684L, -1381169459L, -1844866505L, -1489692480L, 
-1949407330L, -1212208021L, 1742719981L, -2084942246L, 143315224L, 
-2081038719L, -615926733L, -41680300L, -1472379294L, 826222839L, 
-1594373311L, -489979450L, -1377006844L, -330236235L, 342124959L, 
1530865144L, -1022407722L, 1563276899L, 1307059749L, 28505538L, 
81734320L, -1544887591L, 1368216651L, -720295236L, 1530927338L, 
383612191L, -464921175L, -329868482L, -692799956L, 293454973L, 
517865159L, 709158832L, -682853938L, 448926459L, 1027314013L, 
-1439853942L, 1077821608L, -1086954479L, 917591299L, -501286908L, 
-1587398606L, 287510663L, -921060143L, 1146037846L, -1528039884L, 
782699845L, 1842265999L, 959245064L, 711961894L, -1128131117L, 
-89858251L, -1575815534L, 216068704L, 467018697L, -159735045L, 
1275055308L, -1945713318L, 1582237775L, 1529496857L, -2106118354L, 
1440899388L, -46045523L, 1630691671L, -1880764256L, 1445096958L, 
-1658896181L, 1158389453L, -1269257734L, -751979976L, -25710623L, 
